12957
17802
31663
22245
26912
221
36446
6830
22246
26913
275
36447
6831
12958
17803
22247
26914
31664
276
36448
6832
12959
17804
26915
31665
277
4313
1158
12960
17805
22248
26916
3812
278
36449
6833
1968
17806
22249
26917
31666
38885
36450
6834
12961
17807
22250
26918
31667
36451
6835
12962
17808
22251
32845
26919
31669
36452
6836
12963
17809
22252
3343
31670
6837
2439
33622
22253
26920
31671
36453
6838
12964
17810
10353
2897
26921
31672
36454
6839
12965
17811
2589
22254
26922
31673
36456
6840
12966
17812
2808
22255
26923
31674
36457
6841
12967
17813
33623
22256
26924
31675
36458
6842
12969
17814
22257
26925
31676
36459
1159
154
12971
17815
22258
26926
3813
4314
6843
12972
17816
22259
26927
31677
36460
6844
721
9454
17817
22260
26928
31678
6845
1969
17818
26446
26929
22261
31679
36461
6846
12973
17819
296
3344
22262
31680
6847
12974
297
26930
22263
31681
36462
6848
12975
298
2440
26931
31682
36463
6849
12976
299
17820
26932
22264
31683
6850
12977
17821
26933
22265
31684
36464
6851
12978
300
26934
22266
31685
36465
6852
12979
301
17822
26935
22267
31686
1160
12980
4609
26936
22268
3814
36466
6853
12981
4611
17823
26937
22269
31687
6854
36467
12982
4612
17824
26938
22270
31688
6855
36468
1970
4613
17825
26939
22271
31689
6857
36469
12983
33756
17826
3345
22272
31690
938
6858
12984
2622
26940
22273
31691
4315
6859
12985
2899
17827
26941
31692
6860
239
12986
17828
26942
31693
36470
6861
30498
12987
17829
26943
22274
31694
6862
30499
12988
2441
22275
26944
31695
31696
3815
31697
31698
31699
31700
31701
31702
31703
31704
31705
31706
3816
31707
24403
12989
17830
2898
24404
12990
31708
26945
17831
22276
24405
12991
31709
26946
17832
22277
24406
12992
31710
17833
26947
6863
36471
22278
24407
1971
31711
26948
36472
22279
30475
12993
31712
26949
36473
1161
30477
22280
12994
31713
3346
36474
17834
12995
30480
22281
31714
26950
36475
6864
17835
33773
31715
26951
36476
6865
17836
2695
31716
26952
36477
22282
12996
6866
3817
26953
36478
22283
12997
6867
31717
26954
17837
36479
805
12998
245
31718
26955
17838
2900
4316
453
6868
31719
26956
17839
36480
22284
12999
31720
26957
36481
22285
454
31721
26958
6869
36482
22286
2445
13000
455
31722
26959
36483
17840
31723
3347
36484
17841
6870
22287
13001
35849
31724
26960
36485
17842
22288
13002
31725
33851
26961
36486
17843
22289
1972
6871
31726
2809
36487
26962
17844
22290
13003
6872
891
36488
26963
17845
22291
13004
3818
36490
17846
22292
155
31727
6873
4317
17847
22293
26964
432
31728
13005
17848
36491
2901
31729
17849
36492
1162
22294
2747
26965
31730
2446
36493
6874
13006
22295
433
26966
17850
36494
22296
26967
31731
17851
36495
22297
6875
13007
26968
13893
31732
17852
36496
22298
6876
26969
23394
31733
17853
22299
6877
3348
24593
13008
31734
36497
6878
26970
30537
13011
31735
17854
36498
26971
22300
34066
13012
31736
17855
36499
26972
6879
22301
13013
3819
17856
22302
36500
13014
26973
156
17857
4319
1973
22303
13015
2902
13016
22304
13017
13018
22305
13019
445
11458
17858
1786
20756
23844
26974
14456
17859
446
11459
20757
33285
36501
14457
23845
26975
5344
11460
20758
29963
33286
36502
3043
1684
26976
11461
20759
29964
2448
33287
2031
36503
23846
5345
26977
11462
29965
17860
33288
37639
36504
23849
5346
26978
14458
11463
29966
17861
36505
33289
37640
2755
5347
14459
29967
17862
36506
33290
20760
23850
14460
26979
29968
17863
33291
36507
11464
20761
447
8278
23851
14461
5348
3349
29969
17864
3983
36508
20762
23852
29970
14462
26980
17865
33292
36509
20763
11465
23853
26981
2121
14463
17866
33293
36510
5349
20764
11466
23854
35987
14464
17867
33294
4320
5350
20765
23855
37036
2130
17868
36511
23856
5351
20766
29971
11467
37037
14465
17869
33296
36512
5352
20767
26982
877
11468
8280
37038
14466
36513
33297
5353
2449
26983
3662
1787
37227
14467
33298
36514
5354
17870
26984
29972
20768
11469
37228
23857
14468
17871
26985
29973
11470
37507
14469
3044
17872
26986
36515
33299
29974
1014
6961
20769
14470
23858
26987
17873
33300
29975
36518
5355
23412
14471
23859
11471
17874
36519
29976
5356
14472
2756
11472
23860
17875
8281
29977
36520
5357
33301
14473
11473
23861
23619
17876
5358
36521
29978
26988
11474
23862
23636
17877
20770
8282
5359
29979
36522
26989
17878
907
11475
23863
14474
4323
25866
20771
5360
29980
3350
3984
11476
2131
25868
23864
20773
5361
29981
26990
33303
11477
14475
25870
23865
20774
5362
3663
26991
33304
25883
20775
5363
29982
17879
26992
33305
25980
20776
14476
11478
5364
29983
764
23866
26993
33306
36523
25981
1291
14477
1015
1788
29984
26994
33307
25996
36524
26995
14478
29985
20777
33308
2450
23867
36525
7095
14479
29986
20778
11479
1016
33309
17880
3045
36526
25999
14480
20779
29987
11480
5365
33310
17881
26000
36527
20780
14481
29988
11481
33311
26996
17882
23868
26001
36528
29989
2757
14482
33312
11482
26997
17883
5366
8283
26002
36529
14483
29990
11483
3985
26998
17884
26003
36530
29991
14484
23869
11484
20781
33313
27000
17885
26121
8284
2132
3664
5367
11485
20782
3351
33314
17886
28955
14485
29992
36531
11486
20783
27001
33315
23870
17887
28956
33316
29993
14486
27002
11487
36532
5368
20785
17888
29121
14487
29994
4324
20786
27003
11488
5369
17889
23871
29122
29995
36533
1789
27004
20787
2451
11672
14489
29996
36535
20788
11489
27005
17890
33317
5370
29124
29997
14491
23872
36539
8285
11490
20789
27006
17891
33318
30347
29998
14492
36540
11491
27007
20790
17892
30431
29999
14493
36541
23873
11492
27008
20791
5371
17893
33319
30588
30000
36542
14494
27009
11493
5372
2758
33320
30730
30001
14495
36543
11494
27010
20792
23874
17894
33321
11495
30731
2133
3665
36544
20793
1643
5373
17895
33322
30835
14496
3352
36545
30002
8286
20794
5374
23875
3986
14497
32763
30003
36546
20795
30004
33323
32764
14498
17896
20796
11496
33324
1017
32765
23876
14499
20797
4325
11497
27011
33325
14500
23877
11673
36547
20798
11498
27012
17897
33326
14501
3046
32766
5375
30005
1790
20799
33327
8287
14502
32767
5376
30006
11499
36548
27013
17898
33328
32770
30007
23878
11500
20800
36549
33329
27014
32772
30008
17899
14503
23879
5377
36550
33330
27015
32775
30009
2452
36551
14504
23880
5378
11501
33331
32776
20801
30010
14505
23881
5379
33332
27017
2759
32778
30011
23882
17900
5380
2134
27018
3987
8289
11502
32779
3666
23883
5381
14506
27019
33333
11503
36552
32780
30012
20802
23884
5382
14507
17901
27020
33334
20803
32781
8290
11504
36553
30013
14508
5383
3353
33335
11674
36554
11505
30014
14509
5384
23886
27021
33336
32782
36555
17902
11506
30015
14510
23887
27022
33337
32783
17903
36556
30016
14511
20804
27023
33338
1018
17904
4326
32784
30017
14512
11507
20805
33339
23888
5385
32785
17905
36557
30018
14513
20806
33340
3047
5386
32786
8291
30019
17906
27024
36558
20807
36559
11508
33341
32787
5387
17907
27025
30020
5388
14514
20808
1791
33342
32788
17908
30021
23889
20809
14515
3988
32789
17909
3667
27026
20810
2135
32790
33343
30022
11509
27027
36560
23890
20811
32791
33344
30023
5389
2453
36561
23891
2760
11686
33345
8292
30024
5390
17910
36562
11510
14516
23892
20812
27028
32792
33346
30025
5391
17911
36563
11511
23893
20813
32793
33347
30026
17912
36564
5392
11512
23894
20814
14517
32794
33348
27029
30027
17913
5393
36565
11513
23895
20815
33349
32795
30028
17914
36566
5394
11514
23896
32796
33350
4327
11515
30029
14518
17915
27030
8293
32797
33351
20816
30030
14519
17916
3354
32798
1019
23897
33352
20817
17917
30031
27031
5395
3989
20818
17918
3668
27032
32799
27033
27034
27035
32964
33069
27036
21406
27037
33070
27038
33148
27039
33149
27040
3355
27041
33494
37436
27042
27043
21407
2629
21547
27016
12072
30626
15860
6629
34521
38403
2984
27044
12073
30627
15862
19558
34522
23187
1844
30628
1230
2253
19559
34523
6630
38404
12074
38405
30629
27045
15863
19560
34524
6631
23188
38406
30631
27046
15865
7675
19561
34525
34699
30632
27047
12075
15867
19562
34526
35243
30633
15868
23189
38407
7676
34527
27048
35244
30634
15869
38408
12076
34528
27049
35245
19563
30635
15870
38409
23191
34529
7677
27050
35971
19564
30636
15871
4517
23192
4116
12077
3720
7678
19565
34067
15872
38410
23193
34530
19566
3357
15873
38411
23194
34531
19567
12078
7679
27051
15874
23195
157
34532
2630
12079
7680
27052
747
23196
38412
34533
19568
27053
2254
23197
38413
248
34534
30637
19569
27054
12080
15875
7681
7682
38414
34535
19570
27055
12081
15876
34536
2985
406
23198
19571
30638
27056
15877
7683
34537
38415
407
23199
19572
30639
27057
15878
34538
12082
7684
38416
23200
19573
30640
27058
15879
38417
23201
19574
315
27059
15880
12083
1231
38418
23202
19575
3536
27060
30642
15881
1847
7685
38419
23203
19576
34539
3537
3358
15882
12084
7686
4518
4117
3538
27061
15883
30643
12085
7687
38420
34540
19577
316
23204
15884
7688
38421
34541
2631
2319
23205
2255
27062
7689
30644
38422
12086
15885
34542
19578
23167
23206
27063
30645
12087
34543
23470
27064
7690
38423
23647
19579
27065
23207
2986
30646
38424
12088
23719
34546
19580
27066
15886
30648
38425
7691
24010
34547
19581
27067
15887
23208
3721
38426
7692
30429
15888
12089
34548
19582
23209
30649
38427
7693
30479
12090
34549
19583
27068
23210
30630
12091
34550
27069
34551
30650
38428
30753
12092
7694
19584
27070
23211
15889
38429
30889
1725
19585
3359
23212
15890
4519
4065
7695
30653
19586
12093
27071
15891
38430
37170
30654
19587
1872
27072
4118
15892
38431
37174
23213
2632
12094
27073
7696
34552
15893
38432
37386
23214
30656
19588
12095
27074
7697
34553
15894
38433
23215
30657
19589
12096
27075
7698
2256
23216
6856
12880
19590
30658
12097
27076
7699
15895
34554
23217
38434
21617
19591
12098
27077
7700
15897
34555
2987
38435
21618
19592
12099
30659
7701
15898
34556
23218
38436
19593
12100
30661
7702
27078
15899
34557
38437
23219
19594
12101
7703
23007
27079
15900
34558
19595
12102
23009
7704
30662
15901
34559
23223
19596
12103
23166
15902
34561
27082
23224
1873
34562
36928
15903
1232
3362
884
23226
12104
34068
19597
15904
7705
38438
3722
23227
12105
2763
780
15905
38439
30663
27083
23228
12106
250
2638
2257
4520
7706
30664
27084
4120
23229
12107
19598
15906
38440
27085
34563
23230
12108
19599
34376
15907
38441
27086
7707
30665
23231
12109
19600
15908
38442
27087
30666
2988
34564
12110
158
19601
15909
38443
27088
16819
19602
23232
34565
7708
12111
15910
38444
27089
23233
30668
34566
12112
15911
38445
27090
23234
12113
15912
7709
38446
27091
23235
1874
30669
15913
34567
38447
35168
19603
27092
23236
12114
15914
34568
37887
19604
7710
3363
7711
23237
12115
15915
30670
24444
19605
38448
27093
23238
12116
19606
2258
30671
34569
24445
38449
27094
7712
23239
12117
15916
30672
24446
4521
27095
7713
23240
3723
12118
15917
30146
38450
34570
27096
34571
23241
12119
15918
38451
30147
27097
34572
2989
19607
12120
7714
15919
30234
38452
27098
4121
2639
12121
15920
27099
38453
30673
34574
19608
12122
23242
15921
1233
38454
30674
34575
19609
12123
15922
7715
38455
30675
34576
19610
1875
38456
15923
23243
34577
30676
19611
12124
27100
15931
30235
19612
7716
30677
12125
27101
15932
35169
23244
30678
12126
27102
2260
439
23245
30679
7717
38457
12127
3364
34578
15933
440
23246
30680
38458
12128
27103
34579
15934
19613
441
23247
30681
38459
7719
12129
27104
34580
15935
19614
442
23248
30682
4523
7720
12130
27105
15936
19615
443
23249
3724
12131
38460
7721
27106
15937
19616
34583
444
23250
30683
38461
7722
27107
15939
19617
23251
35091
38462
7723
27108
15940
2640
2990
3106
34584
30684
38463
7724
27109
15943
19618
12132
23252
30685
38465
7725
27110
15945
19619
12133
23253
34585
38466
219
27111
15946
19620
1876
38467
30686
332
27112
2264
1234
19621
12134
30687
23254
38468
919
333
15950
7726
19622
12135
23255
38469
15956
7727
850
19623
12136
23256
38470
15957
4122
7728
1635
19624
3367
12137
23257
15958
4524
7729
34802
19625
27113
12138
23258
19626
7730
3107
27114
34587
12139
30688
23259
38471
7731
27115
34588
12140
30689
23260
38472
7732
27116
12141
230
15959
30690
23261
38473
7733
27117
12142
15960
289
30691
34589
813
7734
38474
27118
12143
15961
290
30692
34590
2991
19627
38475
1877
34591
27119
15962
36222
3725
23262
2641
38476
27120
15963
23280
23263
19628
38477
27121
15964
30327
23264
7735
30694
38478
27122
2265
30428
12144
23265
1235
30695
38481
34592
19629
15965
31361
1236
34594
15966
37233
3368
7736
23266
30696
34595
38482
19630
15967
37361
27123
7737
34596
12145
19631
4525
7738
15968
3618
27124
23267
34597
12146
38483
30700
15969
3619
27125
23268
4123
12147
38485
15970
19632
3620
27126
34599
12148
38486
15971
19633
3621
30701
27127
23269
12149
38487
15972
19634
3959
27128
12150
38488
34600
7740
15973
19635
27129
30702
12151
38489
34601
7741
15974
23270
19636
2810
27130
12152
38490
34602
7742
2266
19637
34931
27131
30703
12153
38491
7743
34603
15975
2642
27132
3370
23271
38492
34604
7744
15976
35157
19638
2992
38493
15977
30704
19639
713
3369
1653
15978
19640
34605
30708
7745
1879
7746
27133
159
23272
4527
15979
19641
30711
12154
27134
2083
38494
3726
15980
19642
12155
27135
34606
35166
1237
38495
23273
15982
12156
34607
27136
7747
38496
15983
12157
34608
27137
7748
19643
160
38497
23274
15984
12158
4124
27138
7749
19644
302
38500
15985
23275
12159
27139
34609
7750
19645
4384
38501
30712
2267
23276
12160
27140
34610
7751
303
19646
38502
30713
15986
23277
27141
34614
7752
304
38503
30714
23278
15990
27142
12161
1569
38504
30719
19647
23279
15991
12162
34615
30720
15992
23281
34616
34617
34618
34619
34620
34621
4125
34622
34623
34624
34625
23282
34626
34627
34628
34629
34630
34631
4126
34632
34633
1632
34634
34635
34636
34637
34638
34639
34640
34641
4127
34642
34643
34644
30721
34645
34646
3373
34647
34648
34649
34650
34651
4128
34652
34653
34654
34655
34656
34657
34658
34659
34660
34661
4129
34662
34663
34664
34665
34666
34667
34673
34674
34675
34676
4130
34677
34678
34679
34680
34681
34682
34683
34684
34685
34686
4131
34687
34688
34689
34690
34691
34692
34693
34694
34695
34696
920
4132
34697
34700
34701
34702
34704
15993
34705
34706
34707
34709
34710
4133
34711
34712
34713
34714
34715
34716
34717
34718
34719
34720
4134
34721
34722
34723
34724
34725
34726
34727
34729
34731
34732
4135
34733
34734
34736
34738
34739
34740
34741
34742
34743
2643
34744
4136
34745
34746
34747
34751
34752
34753
34754
34755
34756
34757
4137
34758
34759
34760
34762
34763
34764
34765
34766
34767
34768
4138
34769
34770
30722
34771
34772
34773
34774
34775
34776
34777
34778
4139
34779
34780
34781
34782
34783
34784
34785
34786
34787
34790
4140
34791
34792
34793
34794
34795
34796
34798
34799
34800
34801
4141
34809
34811
34812
34813
34814
34816
34817
34818
34819
34820
921
4142
34821
34822
34823
34824
34825
34826
34827
34828
34829
34830
4145
34831
34832
34833
34834
34836
34838
34839
34840
34841
34842
4146
34843
34844
34845
34846
27143
34847
34848
34849
34850
34851
34853
12163
15994
19648
27144
1880
15995
30724
30725
30726
3727
30727
30728
30729
30732
30733
30734
30735
30736
30737
30738
3728
23405
30739
30740
30741
30742
30743
30744
30745
30746
30750
30754
3729
30755
30756
30757
30763
30764
30765
30766
30767
19649
30768
30769
3730
30770
30771
30772
30773
30774
30776
30778
30779
30780
30781
3731
30782
30784
30785
30786
30787
30788
30789
30790
30791
30792
885
3732
30793
30794
30795
30797
30798
30799
30800
30801
30802
30803
3733
30804
30805
30807
30808
30809
30810
30811
30812
30814
30815
3734
30816
30817
30818
30819
30820
30822
30823
30824
30825
30826
3735
30827
30828
30829
30830
30833
27146
12164
15997
2993
19650
23406
12165
23283
15998
19651
24265
15999
19652
24267
1587
12166
19653
24268
23284
23285
23286
23287
23288
23289
23290
23291
23294
2994
23295
23296
23297
23298
23299
23300
23301
23302
23303
23304
2995
23305
23317
23318
23319
23320
23321
23322
23323
23324
23325
2996
23326
23327
23328
23329
23330
23331
23332
23333
23334
23335
2997
23336
23338
23339
23340
23341
23342
23343
23344
23345
23346
2998
23347
23348
23349
23350
23351
23352
23353
23354
23355
23356
2999
23357
23358
23359
23360
23361
23362
23363
23364
23365
23366
3000
23367
23368
23369
23370
23371
23372
23374
23375
23376
23377
814
3001
23378
23379
23380
23381
23382
23383
23384
23385
23386
23387
3002
23388
23390
23391
23392
23393
23395
23396
23397
23398
23399
3003
23400
23401
23407
23408
23410
23411
23413
23414
23415
23417
3004
23418
23419
23420
23421
23422
23423
23424
23425
23426
2268
12167
19654
28904
12168
29007
12169
16000
12170
19655
29087
29106
16001
12171
30667
19656
27147
16002
7753
12172
30834
4147
19657
38505
27148
30651
16003
7754
12173
30836
34854
2645
5891
23427
4528
27149
7755
1881
27150
3005
38506
7756
16004
12174
30837
23428
38507
34855
19658
16005
12175
34856
23429
38508
19659
12176
1238
30652
30838
23430
38509
27151
12177
16006
30655
23431
38510
19663
12178
27152
16007
30709
7757
23432
38511
30839
12179
27154
19664
33259
23433
3736
38512
19665
34857
35646
16008
23434
7758
38513
34858
35811
16009
23435
7759
38514
30840
34859
19666
2269
23436
12180
3374
7760
38515
34860
16010
23437
12181
27155
35917
4529
7761
30841
34861
16011
3006
19667
12182
27157
35918
38516
7762
30842
34862
23438
16012
19668
12183
27158
35919
7763
38517
23439
34863
19669
1882
37390
7764
38518
30843
19670
12184
16014
8543
7765
38519
27159
30844
4148
12185
27160
37391
7766
38520
30845
34866
12186
38114
2646
38521
23440
16015
34867
12187
19671
12519
23441
38522
1239
12188
30846
19672
12520
23442
38523
7767
16016
27161
12189
30847
19673
34868
15142
23443
38524
7768
16017
27162
19674
23444
15143
38525
27163
19675
23445
4530
30854
15144
12190
34869
27165
16018
7769
19676
23446
30858
38526
23117
12191
27166
7770
19677
3737
23447
38527
35170
3375
7771
34870
16020
19678
3007
30859
38528
3371
12192
27167
7772
23448
30862
38530
35175
12193
27171
7773
16021
34871
23449
30864
38531
19679
27172
1883
30865
7774
2270
23450
161
38532
12194
7775
23451
38533
34872
12195
19680
7776
23452
38534
16022
5145
16023
34873
12196
2647
27173
23453
38535
5850
34874
12197
19681
30866
1240
23454
38536
11683
16024
12198
30867
19682
7777
4531
23455
12199
30868
34875
7778
38537
23456
11684
12200
30869
4149
27174
19683
7779
16025
38538
23457
23409
30870
34876
27175
19684
7780
38539
3008
411
30871
12201
27176
7781
16026
38540
23458
412
3738
34877
27177
7782
19685
16027
23459
38541
30872
27178
12202
7783
16028
23460
38542
7975
30873
27179
34878
7784
16029
23461
19686
38543
30874
3376
34879
7785
12203
16030
23462
38544
27180
30875
162
7786
1884
23463
38546
19687
30876
1241
401
38547
23465
16031
34880
19688
30877
3361
23466
12204
2271
30878
23467
12205
16032
30879
34881
19689
8551
23471
16033
7787
27181
30880
4532
19690
11788
3009
7788
27182
12206
30881
38548
2648
34882
23472
7789
16035
3739
38550
19691
189
34883
23473
7790
16036
30882
12207
27183
38551
34884
23474
16037
30883
38552
12208
19692
34885
23475
7791
30884
38553
12209
27382
27184
19693
4150
23476
7792
30885
38554
16038
12210
16039
35928
27185
19694
23477
